#竞速AI增长表,,,,,
#id,阶段,增长系数（0-30%）,增长系数（31%-70%）,增长系数（71%-100%）
%id,stage,growth_factor_low,growth_factor_mid,growth_factor_high
$[id:unique][id:type:int],[stage:type:int],[growth_factor_low:type:List<float>],[growth_factor_mid:type:List<float>],[growth_factor_high:type:List<float>]
1,1,1.7|2.0,1.2|1.4,1.7|2.0
2,1,1.3|1.6,0.9|1.1,1.3|1.6
3,1,0.9|1.2,0.8|1,0.9|1.2
4,1,0.7|0.8,0.6|0.8,0.7|0.8
5,2,1.2|1.4,1.1|1.3,1.2|1.4
6,2,0.9|1.1,0.9|1.1,0.9|1.1
7,2,0.8|1,0.7|0.9,0.8|1
8,2,0.6|0.8,0.5|0.7,0.6|0.8
9,3,1.1|1.3,1.1|1.3,1.2|1.4
10,3,0.9|1.1,0.9|1.1,0.9|1.1
11,3,0.7|0.9,0.7|0.9,0.8|1
12,3,0.7|0.9,0.7|0.9,0.8|1